0 409.0 186.0 55.0 44.0 623.0 189.0 225.0 127.0 307.0 187.0 54.0 43.0 1041.0 202.0 50.0 40.0 992.0 193.0 51.0 52.0 894.0 263.0 89.0 85.0 
1 408.9730155713179 185.97864463054833 55.03840154046047 44.03092854507646 622.9998671929612 188.99941307432138 225.00093032512478 127.00057784122475 305.981952378383 186.85869051324843 56.99507198635717 45.368866441248436 1041.0000617116118 201.99983574142118 50.000592693836175 40.00049590801116 992.0000009193135 193.00000790410377 50.999999159408944 51.99999811961634 894.0400380975054 263.10353930247993 88.86850596743027 84.86141971318614 
2 408.82192218528013 185.9624655863845 55.268603477016626 44.20076185833025 622.843355194257 188.89398475522913 225.2445363191862 127.14328256472741 306.50088673012385 187.1234715500674 56.321422199787385 44.7826138442938 1041.0837132757638 202.00157252887888 50.03197339078265 40.01576687086599 992.2039238084304 193.16869816398707 50.67993249894707 51.68460110328451 893.9534619261196 262.9876276028565 89.08819479639588 85.06493096717266 
3 408.8818326331451 185.31009648444476 57.049308098839504 45.83307833790506 622.6152253149477 188.84782235633426 225.5974775004751 127.22388815921072 306.59747403259 187.2293505799903 56.18686560399043 44.61158944042421 1041.2659823782974 202.27092639396608 49.56895760194683 39.59659336275307 992.3267547475924 193.16784254041903 50.53226853385472 51.806705527812156 905.8426528623083 263.5863201806202 83.37652000774135 79.8346211024037 
4 408.9261437762668 184.86838104030653 56.67718166729875 45.72580142260711 623.1060585474492 188.85866447814055 225.62833286608995 127.19351355907452 306.56843465252916 187.238700116049 56.2338374397593 44.581161463446605 1040.781500865409 201.32574647863422 50.494536757957746 40.42973008965565 992.3935264800635 193.22800934881127 50.46862910743724 51.74146274068325 917.0695768720761 265.3910776664426 80.46291855530916 75.96551009949432 
5 408.9730701892284 184.67069906636624 56.264029605870164 45.664121300316204 623.1343560796577 188.86378977021988 225.69605058292558 127.18470279172142 306.524469963964 187.23441567884078 56.311971295386606 44.57749861814561 1040.9532662639474 201.3053249685525 50.394332983985 40.43893867997439 992.4602982105149 193.2881761572035 50.404989685059356 51.67621995355434 913.9396353423313 265.26479650548947 83.6776937144895 78.3446415903357 
6 411.3255006797123 194.08965582560012 53.29985565323029 42.23139460933035 622.1264441494391 188.8802931455873 226.88530251107673 128.06253804665536 306.48334018162717 187.23030559575076 56.386696113744485 44.576768711195875 1041.3385312539956 202.0457809624043 49.563749903104075 39.681921290363015 992.5270699389464 193.34834296559575 50.341350266721086 51.61097716642543 927.5042808925402 265.45985393160987 74.67320477127225 70.99996423805483 
7 411.3227785789918 195.44897088283392 52.4975527516373 40.910077457931344 622.3488990971159 188.859762015003 227.07059173689453 128.24394678026013 306.44979262967536 187.23049742139523 56.44733634241478 44.57105574346458 1041.3500184103323 202.3214540881351 49.330519418427095 39.45105082852697 992.5938416653581 193.408509773988 50.277710852422416 51.54573437929652 925.126479413726 263.27466582380566 81.69769143514063 77.84507205327606 
8 410.989432028864 195.47409058130097 53.093633550106496 40.796064305894454 622.2806047991141 188.92466678622645 226.56730829076596 128.13206441731842 306.41945138364895 187.2288764712713 56.50376054902881 44.56949740316078 1041.32851492575 202.35581612630077 49.34463041361396 39.42419003375203 992.66061338975 193.46867658238023 50.21407144216335 51.48049159216761 924.5976513992374 262.9293138200646 82.64803875165052 78.90412672153577 
9 410.5803748689671 196.40152722198602 53.87971152615758 40.77941514641051 621.9941131843266 188.86547633862125 226.85646245440432 128.23534364854478 306.393544319063 187.22765370383908 56.55205565458446 44.56849040543705 1040.5321987152943 201.24107175735605 49.88909260828813 39.66492139563886 990.6556309112814 193.01909310948153 49.56991210372223 48.91796934565867 938.8479813391854 264.37216278286763 77.9473646431193 75.27380630108166 
10 408.67823634497927 187.1687133331764 60.659117064387324 47.199285822469754 622.001378405564 188.8673331677722 226.88790567247705 128.2111110955678 306.37297687806995 187.2272172725349 56.59132096696462 44.56669727121898 1040.4800440251458 201.16322478791915 49.94683131617073 39.602533271835114 991.0684336809313 193.90318593995073 49.77057807575529 47.29107696683496 943.83531520813 261.5570790813331 80.66828500338812 78.01283185268068 
11 408.3522560450654 185.01583993077793 61.47627496642115 49.01167068524539 621.9844278343228 188.86844912643792 226.9323419556795 128.20119089939197 306.3544068473133 187.2261548965199 56.626200466426994 44.56717074853883 1040.2449471252933 201.05794213082856 50.29829670755238 39.80484326834234 990.5834336801186 194.0413444768743 50.86805869275751 47.04359907546364 943.0168062437906 261.86968801062284 79.66937217916123 77.13654672963477 
12 408.77808066493236 185.22298479331423 62.30123860104705 50.44869672232069 621.9708090211361 188.87231765483165 226.96605522711877 128.1906949798848 306.3490646208418 187.23129349002255 56.64471658833355 44.5585617490523 1040.1593827007873 200.92941695121908 50.287409681677055 39.79621716951996 990.8193020419931 194.21581433024986 50.26579166511929 46.486519154325 951.1738914409693 262.46116936458867 78.96517040916042 76.53039609359449 
13 408.99039511487575 184.86812994575686 61.35095021395314 50.360490121086585 621.9503548096002 188.86922274551503 227.00827363791052 128.19088093836865 306.32904914159366 187.22646269280068 56.675629807228354 44.56465743018904 1040.0738182791226 200.80089177160963 50.276522650119695 39.78759107069759 991.0551716178211 194.3902841836254 49.663522209573806 45.929439233186365 952.1259518585406 262.8483784572048 76.89516365371622 74.40243565529306 
14 408.95844704380636 184.44955395795103 61.66159803929808 51.38508113991687 621.9373484979353 188.8699915708489 227.03606537565483 128.1868676164637 306.322076439473 187.26112066463907 56.66070666401209 44.55414896208787 1039.9882538602988 200.67236659200017 50.2656356128803 39.77896497187521 991.2910424076027 194.56475403700097 49.06125032612107 45.37235931204773 951.8166263479784 262.6640867804528 77.0982682964187 74.59211538081976 
15 408.62972527886507 186.71799422240196 63.80642916467119 54.42896313844188 623.2206299185959 189.30872054338977 224.45871134799933 126.36376543549834 306.93180370305896 187.22047190098482 56.44005759856228 44.520483539563145 1039.5758195266653 199.920637686882 52.81214266967256 42.00790262225751 991.5269144113381 194.7392238903765 48.45897601476108 44.81527939090909 959.9378170114438 260.44772076260205 79.58441539101563 77.1728485782919 
16 409.02907040591583 187.53026804784494 63.50148652468414 54.709870602199366 622.0336234877121 189.047145040289 226.9093621011808 127.77974363474591 306.90260561505113 187.14766981008523 56.519582865582784 44.72608648871737 1040.195968552342 199.87907205562882 52.60732575260341 42.22554125188823 991.762787629027 194.91369374375208 47.856699275493824 44.25819946977045 970.8386588675716 262.54083521162727 72.97807393628143 70.88467191747014 
17 409.68093155979557 187.84038599055668 61.88242828135496 53.72747646749425 621.7218062387577 188.88852997699038 227.47768935855223 128.14526848903955 306.8487441783271 187.1027383208731 56.52277895287344 44.826706097624694 1040.7755999600595 200.20706664154315 51.686508398450925 41.664601061345195 991.9986620606696 195.08816359712762 47.25442010831931 43.701119548631816 970.0621809711881 262.96294519483433 72.2633223822369 69.85233729947124 
18 408.03805596788004 186.79775823850107 65.97163558423294 57.93051644704679 621.6099918764179 187.95929713557143 228.60446365716658 129.099954991861 306.88084582266146 187.0987448157846 56.43620433540902 44.838885187181106 1040.8330474999134 200.12516498222809 51.84706388412944 41.79404699598361 992.2345377062658 195.2626334505032 46.65213851323754 43.14403962749318 975.9127856770989 261.14928059531013 75.42505844121463 73.46798051698974 
19 408.5612479697529 186.83015102928752 64.08823379976371 56.730783055792145 621.6840083754628 187.40647984762734 229.48210017267024 130.13006757646806 306.9184661427399 187.0975172131046 56.35400203435525 44.840446561682754 1040.8904951236295 200.043263322913 52.007619202083866 41.92349293062202 992.4704145658156 195.43710330387873 46.049854490248514 42.58695970635454 976.9878132302263 260.99954894553235 74.02793685585203 72.98772972802867 
20 408.7776134125363 186.71068751961 63.646136381313866 56.680745639450144 622.3062778360043 187.8958152709483 227.5447418194707 129.18281115498877 306.95120691131564 187.0979139096484 56.28353806481177 44.83924031168 1040.9479428312077 199.96136166359793 52.168174352314196 42.05293886526043 992.706292639319 195.6115731572543 45.44756803935223 42.029879785215904 977.2036402175073 261.0194892796703 73.22524784883097 72.92782030955249 
21 409.5509649443512 189.08213344424922 62.825738597578784 56.044704286629496 622.4416531022226 188.2987561084425 226.19432815531124 128.28014291181884 306.977691900042 187.09921361191454 56.2246904317745 44.83716476915014 1041.0053906226478 199.87946000428286 52.32872933482043 42.18238479989884 992.9421719267762 195.78604301062984 44.84527916054868 41.47279986407727 986.6307834081929 261.62332400637064 71.39152878296085 70.21566820542805 
22 409.0101124902187 188.16091922707326 63.36557924564687 56.78890815231591 621.5503879761483 187.43448229333274 228.69753012240426 130.0401485640627 307.0019561516494 187.099900613107 56.175834597243316 44.835096158508485 1041.06283849795 199.7975583449678 52.48928414960257 42.31183073453725 993.1780524281869 195.9605128640054 44.242987853837874 40.91571994293863 995.8288210761683 262.8063035879595 66.67716181874553 64.46483887225007 
23 409.8955438044687 187.80235376643608 62.218398629151935 55.691172871817365 622.4999900594795 188.27045591339586 226.04494633992167 128.35531921917868 307.22924400633457 187.18419434870782 55.9045866671044 44.66630432986835 1041.1202864571142 199.71565668565273 52.64983879666062 42.441276669175664 993.4139341435512 196.13498271738095 43.64069411921981 40.35864002179999 993.0942298513728 262.0038290930637 69.97533397093679 67.12351183593043 
24 408.2203947979243 187.86269223413416 65.87463356779239 58.75908706994869 621.6627137516292 187.43795604922133 228.46869930608838 130.0428535825698 307.2801189899926 187.19583433897472 55.82630917333327 44.642849193024574 1041.1777345001406 199.63375502633764 52.81039327599457 42.570722603814076 993.6498170728692 196.30945257075652 43.03839795669449 39.801560100661355 996.744850685953 261.99663766742555 69.21163387572643 66.39090190740092 
25 407.8544139160405 187.50368678820007 65.46612589467374 58.25016364013685 621.939257698935 187.8324183678845 227.15547118880025 129.26710145065957 307.3020819512311 187.19704205766394 55.78314595783547 44.640349107167694 1041.235182627029 199.55185336702257 52.970947587604435 42.70016853845249 993.8857012161408 196.48392242413206 42.43609936626191 39.24448017952272 1000.3954719137733 261.9894462417874 68.44793299403574 65.6582919788714 
